0 -205 118 100.000000 100000000376832.000000 255 0 0 0 0 0
0 -62 -67 100.000000 100000000376832.000000 255 0 0 0 0 0
0 62 182 100.000000 100000000376832.000000 255 0 0 0 0 0
0 399 336 100.000000 100000000376832.000000 255 0 0 0 0 0
0 445 408 100.000000 100000000400000.000000 255 0 0 0 0 0
0 620 471 100.000000 100000000376832.000000 255 0 0 0 0 0
0 695 478 100.000000 100000000376832.000000 255 0 0 0 0 0
0 679 468 100.000000 100000000376832.000000 255 0 0 0 0 0
0 639 480 100.000000 100000000376832.000000 255 0 0 0 0 0
0 646 499 100.000000 100000000376832.000000 255 0 0 0 0 0
0 625 468 100.000000 100000000376832.000000 255 0 0 0 0 0
0 578 461 100.000000 100000000376832.000000 255 0 0 0 0 0
0 665 475 100.000000 100000000376832.000000 255 0 0 0 0 0
0 564 459 100.000000 100000000376832.000000 255 0 0 0 0 0
0 431 464 100.000000 100000000376832.000000 255 0 0 0 0 0
0 480 14 100.000000 100000000376832.000000 255 0 0 0 0 0
0 683 406 100.000000 100000000376832.000000 255 0 0 0 0 0
0 662 389 100.000000 100000000376832.000000 255 0 0 0 0 0
0 581 424 100.000000 100000000376832.000000 255 0 0 0 0 0
0 667 539 100.000000 100000000376832.000000 255 0 0 0 0 0
0 679 583 100.000000 100000000376832.000000 255 0 0 0 0 0
0 534 732 100.000000 100000000376832.000000 255 0 0 0 0 0
0 18 473 100.000000 100000000376832.000000 255 0 0 0 0 0
0 46 482 100.000000 100000000376832.000000 255 0 0 0 0 0
0 21 478 100.000000 100000000376832.000000 255 0 0 0 0 0
133 460 401 100.000000 100000000376832.000000 255 0 0 0 0 0
162 542 438 100.000000 100000000376832.000000 255 0 0 0 0 0
180 572 401 100.000000 100000000376832.000000 255 0 0 0 0 0
191 527 202 100.000000 100000000376832.000000 255 0 0 0 0 0
190 484 96 100.000000 100000000376832.000000 255 0 0 0 0 0
168 427 80 100.000000 100000000376832.000000 255 0 0 0 0 0
