0 777 445 100.000000 100000000376832.000000 255 0 0 0 0 0
0 847 492 100.000000 100000000376832.000000 255 0 0 0 0 0
0 823 478 100.000000 100000000376832.000000 255 0 0 0 0 0
0 800 457 100.000000 100000000376832.000000 255 0 0 0 0 0
0 1227 541 100.000000 100000000376832.000000 255 0 0 0 0 0
0 704 413 100.000000 100000000376832.000000 255 0 0 0 0 0
0 -9 95 100.000000 100000000376832.000000 255 0 0 0 0 0
0 84 177 100.000000 100000000376832.000000 255 0 0 0 0 0
0 557 352 100.000000 100000000400000.000000 255 0 0 0 0 0
0 501 350 100.000000 100000000400000.000000 255 0 0 0 0 0
0 762 396 100.000000 100000000400000.000000 255 0 0 0 0 0
0 599 354 100.000000 100000000376832.000000 255 0 0 0 0 0
0 585 359 100.000000 100000000376832.000000 255 0 0 0 0 0
0 620 389 100.000000 100000000376832.000000 255 0 0 0 0 0
0 508 329 100.000000 100000000376832.000000 255 0 0 0 0 0
0 718 438 100.000000 100000000376832.000000 255 0 0 0 0 0
0 499 371 100.000000 100000000376832.000000 255 0 0 0 0 0
0 744 427 100.000000 100000000376832.000000 255 0 0 0 0 0
0 674 427 100.000000 100000000376832.000000 255 0 0 0 0 0
0 751 424 100.000000 100000000376832.000000 255 0 0 0 0 0
0 744 441 100.000000 100000000376832.000000 255 0 0 0 0 0
0 805 457 100.000000 100000000376832.000000 255 0 0 0 0 0
0 772 448 100.000000 100000000376832.000000 255 0 0 0 0 0
0 798 468 100.000000 100000000376832.000000 255 0 0 0 0 0
